0.0
5.100002
5.150001
5.199999
5.25
5.300002
5.350002
5.400001
5.450001
5.500002
5.550002
5.600002
5.650002
5.700002
5.750002
5.800003
5.850003
5.900003
5.950003
6.0
6.020001
6.040001
6.059999
6.079998
6.100002
6.120001
6.139999
6.16
6.18
6.199999
6.220001
6.24
6.26
6.28
6.299999
6.319999
6.34
6.36
6.379999
6.399999
6.42
6.44
6.46
6.48
6.499999
6.52
6.539999
6.56
6.58
6.6
6.62
6.639999
6.66
6.679999
6.699999
6.72
6.739999
6.759999
6.78
6.799999
6.819999
6.839999
6.859999
6.879999
6.899999
6.919999
6.939999
6.959999
6.979999
6.999999
7.020001
7.040001
7.059999
7.079998
7.099998
7.119998
7.139999
7.16
7.18
7.199999
7.219998
7.24
7.26
7.28
7.299999
7.319999
7.34
7.359999
7.379999
7.399999
7.419999
7.439999
7.462398
7.477121
7.491362
7.50515
7.518514
7.531479
7.544068
7.556303
7.568202
7.579784
7.591065
7.60206
7.628389
7.653213
7.676694
7.69897
7.720159
7.740363
7.756545
7.806545
7.856545
7.906545
7.956545
8.006543
8.056547
8.106544
8.156546
8.206545
8.256547
8.306547
8.356546
8.406547
8.456547
8.506547
8.556547
8.606547
8.656548
8.706548
8.756548
8.806548
8.856548
8.906548
8.956549
9.006547
9.05655
9.106548
9.156549
9.206551
9.225309
9.230449
9.255273
9.278754
9.30103
9.322219
9.342423
9.361728
9.380211
9.39794
9.414973
9.439333
9.477121
9.511883
9.544068
9.574031
9.60206
9.628389
9.653212
9.676694
9.69897
9.720159
9.740363
9.759668
9.778151
9.79588
9.812913
9.829304
9.845098
9.860338
9.875061
9.889302
9.90309
9.916454
9.929419
9.942008
9.954242
9.966142
9.977724
9.989005
10.0
10.010724
10.021189
10.031408
10.041393
10.051153
10.060698
10.070038
10.079181
10.088136
10.09691
10.10551
10.113943
10.122216
10.130334
10.138303
10.146128
10.153815
10.161368
10.168792
10.176091
10.18327
10.190332
10.197281
10.20412
10.210853
10.217484
10.224015
10.230449
10.236789
10.243038
10.249198
10.255272
10.261263
10.267172
10.273001
10.278754
10.284431
10.290035
10.295567
10.30103
